`DÒ`N
016229106102
016229108106
016229901165
016229901172
016229901189
016229901202
016229901226
016229902643
016229909048
016229909109
02102001
02102002
02102003
02102004
02102005
02102006
02102007
02102008
02102009
02102010
02102011
022392271653
031146001590
031146001613
044738072311
051216063013
077101040433
079763198385
079763296081
084909001610
084909002983
086395095005
087303860920
101217111212
12-L00
1699
1799
1999
210314
210317
21041334
21181
214478702md
2144787063
2144787081
2144787110099
3052014
3057640183843
3330197922906
3331197271506
33748001121
3379140101975
3379140145931
3379145024682
3379149002747
3447573606326
3472892011032
3474930103204
3700417300072
3700417300126
4000177166116
4000177601006
4000177604007
4000177605004
4000177996003
4001513007490
4001513007629
4001726310004
4001726344009
4003271193545
4003310187009
4003490037378
4005249000565
4006521008071
4008005570395
4008005570920
4008287053623
4008287054026
4009999022747
4022109003801
4037198001102
4038984040398
4047419098453
40677040
4100590154018
4104670004217
42104766
42111719
42113546
42150237
4260012160024
4260265770261
4260283310647
4260283310678
4260283310814
4260310451466
4311596436002
4311596447299
4311596459902
4316734001838
4316734008325
4316734121741
4316734170541
4316734170558
4316734170565
4316734170596
4316734172828
4316734172859
4316734176055
4478721spardose
4541319112092
4541319113037
4541319113136
4541319115000
461219050713
4681
4710597123001
4711588231156
4711931023377
4800016105098
4800130910196
4800220503154
4801032111025
4897005512449
4901410043709
4905846123646
4905846134093
4905846180076
4905846181011
4905846957630
4905846960050
4969673007753
4973430006187
4973430006194
4973430085809
500
5000112547689
5011046008368
5011898001111
5011898001210
5011898001333
5011898007014
5011898009018
5017689012137
5029578000972
5060006410000
5411718182004
5449000000897
5449000017888
5449000017895
5449000017918
5449000017932
5449000017956
5449000021205
5449000031037
5449000050519
5449000056122
5449000081711
5449000134059
5449000134264
54490994
54491229
54491243
54492028
5484320552749
5901384599881
648436300433
648436300525
673367832098
6900209703310
6900209703402
6900209703440
6900209705161
6901009600090
6901009901005
6901035601030
6901035603010
6901035605274
6901036884494
6901065310810
6901584210738
6903431210113
6903431210144
6907951179004
6907951466357
6907951466821
6907951467576
6910614360022
6910614360046
6910614360053
6910614640049
6910614640063
6910614640124
6910614640148
6915406980310
6915924232328
6920121310014
6920121310038
6920584819093
6920619593097
6922163609880
6922163617274
6923656873528
6926698368861
6927198969039
692719896908
6927198969114
6928317727769
6936382003992
693772000395
6941098303526
6942524200129
6942524200136
6942524200143
6953150110102
70025
728817199914
770795513510
795652202161
81364361686
815007000553
815007001260
870763004283
870763004436
8710876036141
8712303009261
8713016061034
8713016061119
8713016061126
8713016061140
8713016061164
8713913004295
8715226035270
8715226035898
8715226035904
8715226060012
8715226064300
8715226064362
8715226064386
8715226064560
8715226072008
8715226072541
8715226072565
8715226072596
8715226072619
8715226074460
8715226074491
8715226074538
8715226074576
8715226074637
8715226074682
8715226074729
8715226077201
8715226105720
8715226105737
8715226105997
8715226162037
8715226162327
8715226350427
8715226350441
8715226350861
8715226384477
8715226388468
8715226388482
8715226894006
8715226894013
8715226894037
8715226894044
8715226894051
8715226894594
8715226894600
8715226894624
8715226940321
8715226951044
8715226951051
8715226951112
8715226951129
8715226951150
8715226951167
8715226951280
8715226951556
8715226951563
8715226951570
8715226951754
8715226951976
8715226951983
8715226952010
8715226952041
8715226952119
8715226953406
8716789006943
8716789012623
8716789013743
8716789033383
8716789035684
8717677863693
8717677863723
8717677863860
8717703610345
8717703610406
8717703610420
8717703610444
8717703610543
8717703610567
8717703610581
8717703610741
8717703610765
8718503611181
8728200408861
8728200408878
87303803
87303810
8801005000222
8801005105088
8801005133029
8801056143015
8801119853301
8801223207403
8801901021314
8802795603266
8802795603297
8803560010128
8809019401691
8822028000204
8850025000026
8850025001023
8850030118211
8850035081329
8850100208033
8850127004397
8850144203858
8850161163036
8850161163081
8850250007012
8850369250026
8850370651119
8850464000083
8850543883729
8851011223252
8851028000815
8851035852001
8851123211024
8851123211178
8851123212038
8851130050517
8851139000049
8851152120410
8851152120502
8851229000034
885175000600
8851993513013
8851993516014
8851993523012
8852032625124
8852388000699
8852388000729
8852646000058
8852646000065
8852646000072
8852646000089
8852646001017
8852646001178
8852646001185
8852646001192
8852646005978
8852646096808
8853662044545
8854698010061
8855790000042
8886390204523
8886390205018
8888443100080
8888951897014
8901129011286
8901810000216
8901810000230
8901810000391
8901810001732
8901810002258
8934563107161
8934591002049
8934591003091
8934591004210
8934591005040
8934591005057
8934823851186
8934823851988
8934901710022
8935001217220
8935012413338
8935012423559
8935024112038
8935024112076
8935024112083
8935024112823
8935024140147
8935024141847
8935024142035
8935024142042
8935024142059
8935024142066
8935024143353
8935024143612
8935024144275
8935024145265
8935024149669
8935024152140
8935024152447
8935024155202
8935024155240
8935024155455
8935024165331
8935039500202
8935039500509
8935039500707
8935053145861
8935106211314
8936000441012
8936007661543
8936019320063
8936036060577
8936044400020
8936044400280
8936058490055
8938504461053
90162480
90162565
90376603
9120027410918
9120027412745
9120027412769
9120027414190
9556001051509
9556092104405
9556092781705
9556156003439
9556156034808
9556156040182
9556156040519
9556156046399
9556156046641
9770857245312
9771685534005
9783867667869
bambussess
BTasch125
BTasch180
bud1165
bud400
Fächer
Fondue15
FRolle180
GAO250`G
Hack888
Nudelnkarton
Pfand15
Pfand25
Produkt19%
Produkt19%+++
Produkte 19%
Reis36
rot Fächer
schalerotblau
schuhe
ß1983677
Tapioka
YumKarton
