 5412514333324
()§$%&!"&!!/)
=($)=)===(%)
`DÙÀ
`JÒ`JÀ
`K`W
`LÀ`C
`LÒ`TÙ`S
`QÙ
0`C
011152434674
011747615105
014285000419
014285000532
014285001799
014285002253
016229000554
016229000561
016229000592
016229000608
016229000646
016229000769
016229001704
016229001711
016229001940
016229002114
016229002213
016229002459
016229005115
016229005122
016229005320
016229005344
016229005436
016229006747
016229006839
016229007256
016229007775
016229008758
016229901141
016229902209
016229903480
016229903633
016229907679
016229907969
016229912925
02013109
02101001
02101002
021723778885
022392271592
022392476195
022392476256
022392476386
022392476393
022392476515
022392572323
022392573016
022392573023
022392573030
022392573047
022392573696
022392575911
022392575959
022392575966
022392576116
022392576123
022392576130
022392576147
022392576154
022392576178
022392576215
022392576529
022392576536
022392576918
022392872058
024463061095
024463061163
024463062092
024463062160
030891051188
030891052819
031146017072
031146017270
031146017379
031146157600
031146157792
031146158164
031146158171
031146201105
031146211005
031146212002
031146215409
031146215768
031146254019
031146254224
031146254316
031146254903
031146262489
031146262571
031146262748
031146271214
031146271221
031146271238
031146271245
033748001121
033748001145
038900010379
039278701210
044738012362
044738018340
044738045261
044738045360
044738072342
044738073158
044738074155
044738075190
044738102346
044738102353
044738102384
044738102391
044738201698
044738201957
044738201964
044738210690
044738219068
044738219501
044738219563
044738250610
049319110017
050561846326
051220031312
055270833698
061216050713
069276112008
069276112053
069276112404
069276112602
069276120034
069276120133
069276132051
069276132167
069276132457
069276981017
069276981024
072185507582
072810293583
072810293606
073575232275
073575273278
073575295423
074410821050
074410821067
074603003102
074603003287
074603005212
074603006356
074880056006
077101012065
077101012966
077101014366
077101041522
077101041553
077521122610
077521132039
077521233392
077521233415
077521273312
077521273367
077521273466
077521273497
077521291309
077521931038
077521931052
077521931069
077521931083
077521931090
077521931205
077521941013
077521941020
077521941037
078578994342
078895100846
078895100853
078895122022
078895123005
078895123395
078895124095
078895126389
078895126396
078895133936
078895135206
078895135268
078895135282
078895138313
078895138603
078895138948
078895140927
078895300017
078895300024
078895300031
078895300048
078895404579
078895700022
078895700053
078895710922
078895720051
078895730074
078895731033
078895733563
078895740035
078895741025
078895760026
078895761566
078895770025
078895800319
078895800326
078895920017
078895941609
079763110066
079763110073
079763110158
079763111315
079763112060
079763114200
079763114774
079809116458
079809719451
079809818536
081364361686
081364361693
081364361709
081652078395
081652083016
081652083023
081652199717
084909000316
084909000323
084909000385
084909000408
084909000484
084909000507
084909000521
084909000538
084909000545
084909000736
084909000774
084909000781
084909000798
084909000859
084909001269
084909001375
084909001382
084909001672
084909001917
084909001924
084909001948
084909002037
084909002198
084909002327
084909002341
084909002358
084909002365
084909002631
084909002662
084909003164
084909003492
084909003829
084909003904
084909003911
084909004147
084909004277
084909004765
084909005458
084909005465
084909005762
084909006257
084909006608
084909006745
084909006967
084909007223
084909007414
084909008008
084909009005
084909009272
084909011725
084909011749
084909012043
084909013675
084909014351
084909015853
084909015860
084909017215
084909017239
084909023049
084909100160
084909100191
084909100320
084909102874
084909103154
084909104250
084909210494
084909210517
084909210579
084909210586
084909304438
084909900562
084909900630
085500920188
085696608037
085696608044
085696608303
085696608358
085696608402
087303857517
087303860098
087303860104
087303860180
0876660
087666013087
087666033474
087666033573
087666044050
087666044098
087666052789
087666052802
087666052819
087666052833
087666052840
087666052857
087666052864
087666052888
087666052932
087666052949
087666052956
087666052970
087666052987
087666053021
087666053038
087666053069
087666053076
087666053090
087666061132
087666066137
087666066335
087703007963
087703013483
087703021068
087703117778
087703141001
089686010015
089686040159
089686040630
089686041705
089686041767
089686041798
089686170047
089686170078
089686170108
089686170139
089686170191
089686170313
089686170344
089686170733
089686170818
089686171648
089686171679
089782004055
089782012371
089782014078
089782014405
091219030512
097481121102
098367001686
098367002003
1 7 9 O K
10237
123456789
1402282843228
1402282843419
1402282843464
1402282843556
1402282843877
1422282843035
1422282843721
1422282843769
1422282843776
1422282843790
1422282844209
161209032814
16229001704
16229001940
16229005122
16229903480
181219032513
18716789015129
2`K`G550
201221033113
21041311
21041312
21041313
21041314
21041315
21041316
21041323
21041324
21041325
21041326
21041327
21041328
21041329
21041330
21041331
21041332
21041333
2144787000019
214478701
21447870105
2144787012
2144787013
214478702001
2144787021
21447870222
21447870223
2144787024
2144787025
2144787031
2144787051
2144787053
2144787054
2144787055
21447870551
214478706
214478707
2144787076
2144787091
2144787092
2144787095
214478709503
214478709504
2144787098
21447871000
2144787100089
2144787100098
2144787110098
21447871109
21447871200
2144787200097
2144787200098
2144787200099
214478730000
214478750001
214478755
221211090512
22392573047
22392575911
22392575959
22392575966
22392576116
22392576123
22392576130
22392576529
249
261216042613
271222080712
281222041914
3033710030439
3033710084913
3057640186158
3228881005373
3252660000013
331212032912
3379140100251
3379140102064
3379140102279
3379140102323
3379140103214
3379140103795
3379140103870
3379140103900
3379140105348
3379140106482
3379140106765
3379140107014
3379140107113
3379140108783
3379140108790
3379140109353
3379140111585
3379140112131
3379140113732
3379140117501
3379140118577
3379140118799
3379140124806
3379140132764
3379140135260
3379140163195
3379140164017
3379140191389
3379140196759
3379140196766
3379140196773
3379140196780
3379140196797
3379140197466
3379140211926
3379140213135
3379140221925
3379141101837
3379141600026
3379141601351
3379145011484
3379145018667
3379145018674
3379145024699
3379147504885
3379149002860
3379149004062
3423770040859
3447573401204
3447573606029
3447573606302
3447574604000
3447574604208
3447574604215
3456470101209
3456470101308
3456470101407
3456470110133
3456470200612
3456470200643
3456470200667
3456470200889
3456470200988
3456470201374
3456470201473
3472892011025
3472892011049
3474930102009
3474930103006
3474930105000
3474930109008
3474930301105
3474930304106
3474930416205
3474930501000
3474930501109
3474930507026
3474930601007
3474930701004
3530770001015
3530770001022
3530770001039
3547230020028
3547230020127
3547230140214
3547230160021
3547230230007
3560838340107
3560838342002
361214030412
3700417300027
371221072312
3760107580016
3760195541517
3760195541524
3760195545119
3760195545218
3760195547120
3760195547137
3800212421450
3800212421467
3800212421474
3800212421481
3800212421924
3800212421931
381209030312
381215070913
391220032514
400016475016
4000417044303
4000999925892
4000999926592
4001475111600
4001743021730
4002624017224
4005500301004
4005590008418
4005623406013
4005623406037
4006724010123
4006795321050
4007456591393
4008427091928
4008558402938
4008671013004
4008722009130
4009491088616
40099903
4009999002114
4009999003517
4009999003913
4009999017279
4009999017286
4009999017309
4009999018405
4009999019341
4009999019358
4009999022075
4009999022358
4009999022501
4009999023171
4009999023188
4009999023195
4009999023201
4009999023225
4009999023577
4009999023799
4009999024413
4009999024420
4009999025397
4009999025403
4009999025854
4009999025892
4009999025922
4009999026301
4009999026318
4009999026523
4009999026554
4009999027087
4009999027094
4009999027100
4009999027117
4009999028237
4009999028299
4009999029661
401216072012
4013847540024
4014461018005
4022675432647
4023086611027
4023086615025
4023086651023
4023086962280
4025178651843
4036417000452
4036417000469
4036417899919
4037198403371
4037198504245
4037351213106
4037351213601
4038732707054
4038822049484
4038822049712
4038984023100
4038984023568
4038984023643
4038984024572
4038984024800
4038984040411
4038984040534
4038984048189
4041388630119
4041388630959
4041388663421
4045145545203
4045145545500
4045198410008
4045395621313
4045395621412
4045395622266
4045802801482
4047949023215
4103520004308
4200008237903
4200008237910
421214030512
4250357400770
4250598700011
4250598700042
4250598700073
4250598700080
4250598700103
4250598700110
4250598700141
4250598700158
4250598700202
4260028480109
4260028480185
4260028480208
4260028480291
4260028480703
4260028481915
4260028482011
4260028486187
4260028486200
4260028487023
4260028487047
4260079739782
4260079739799
4260225084155
4260265770063
4260265770148
4260265770209
4260265770216
4260265770254
4260271180238
4260273810003
4260283310111
4260283310128
4260283310135
4260283310142
4260283310180
4260283310203
4260283310210
4260283310227
4260283310234
4260283310272
4260283310289
4260283310326
4260283310425
4260283310432
4260283310456
4260283310463
4260283310517
4260283310524
4260283310579
4260283310821
4260283310883
4260283310920
4260312930013
4260312930020
4260312930099
4260312930112
4305615145747
4311596413256
4316734001005
4316734001012
4316734001036
4316734001630
4316734001647
4316734001708
4316734002651
4316734002774
4316734002781
4316734002811
4316734003122
4316734005737
4316734008165
4316734012063
4316734021836
4316734022222
4316734039367
4316734039473
4316734039480
4316734039619
4316734039657
4316734039701
4316734039718
4316734039732
4316734039855
4316734039879
4316734039909
4316734047515
4316734048925
4316734049861
4316734049953
4316734050225
4316734050256
4316734060460
4316734060699
4316734060705
4316734060835
4316734061092
4316734061108
4316734061719
4316734073866
4316734073873
4316734073880
4316734073897
4316734073972
4316734081878
4316734084015
4316734084596
4316734084602
4316734084985
4316734086101
4316734087764
4316734088082
4316734088204
4316734091433
4316734091440
4316734096018
4316734096032
4316734096049
4316734096056
4316734096063
4316734096070
4316734096117
4316734096124
4316734096209
4316734096247
4316734096322
4316734103655
4316734121413
4316734685458
4316734763637
4316734763651
4316734763668
4316734763675
4316734763682
4350
4457
44738012362
44738018340
4607084351385
461214030412
461217032912
4710008121237
4710046021100
4710126095144
4710144101216
4710175570326
4710176012047
4710189011327
4710199050385
4710199050484
4710199050583
4710199050880
4710247000478
4710373001011
4710487011104
4710549000091
4710549000121
4710597000234
4710597000685
4710597000746
4710597020249
4710597041220
4710597041763
4710597042722
4710597050406
4710597050475
4710597080816
4710597091232
4710597100828
4710670200100
4710670220900
4710670230503
4710873200174
4710873400307
4710894900916
4711202223512
4711202223529
4711202223536
4711209051040
4711258001256
4711258007371
4711258320012
4711258520368
4711347009392
4711363900208
4711588219208
4711588835248
4711634002587
4711931003119
4711931005007
4711931005090
4711931005106
4711931005168
4711931007292
4711931018410
4711931018427
4711931018434
4711931018441
4711931018458
4711931018465
4711931018472
4711931018489
4711931023391
4711931023803
471216051512
4712586001680
4712905009007
4712905016036
4712905016050
4712905016067
4712905016081
4712905016104
4712920000522
4712927004523
4712927018599
4712927030171
4712929043407
4712929043414
4712929043421
4712929043438
4718426970321
4792024000628
4792038061202
4792038061301
4792038104008
4792038107009
4792038109003
4792038411908
4792038444005
4792038461309
4792038462405
4792038610066
4792038610479
4792038880094
4800016081026
4800016475016
4800016643095
4800110006727
4800110022116
4800110022130
4800110091556
4800116008015
4800116016010
4800217051019
4800344008313
4800405126383
4800888600806
4800888601049
4804888804011
4804888804028
4804888804042
4804888804059
4804888804080
4804888804103
4804888804110
4804888804127
4804888804134
4804888804158
4804888804189
4804888804226
4804888804288
4804888804332
4804888804349
4804888804578
4804888804608
4804888804998
4804888809160
4804888809207
4805358245051
4806011812979
4806011812986
4806011813976
4806011822688
4806512020804
4806512022082
4806512022105
4806512022419
4806514651167
4807770120442
4807770270017
4807770270024
4807770270055
4807770270123
4807770271229
4807770272509
4807770272615
4808680020877
4808680020952
4808680022307
4808680230764
4808680652146
4809011017160
4809011681095
4809011681200
4809011681378
4809011681392
4809011681507
4864871535629
4891626013095
4892773188209
4892773231202
4892898187101
4895066600006
4895101000945
4895101001010
4895101001218
4895101010128
4895101060796
4895101060857
4897035866222
4897035866666
4898828031025
49
4901002075347
4901002075354
4901002075361
4901002075484
4901002078379
4901002078393
4901002089665
4901515349652
4901577000058
4901577009754
4901614003622
4901614501753
4901740151532
4901740151570
4901963922995
4902032510310
4902087111135
4902087111180
4902663007524
4902663007531
4902703031441
4902703031465
4902826217050
4902856410056
4903011090038
4903011090052
4903127131274
4904755240116
49111217
49181173
4953206020050
4953206020210
4961040435268
4967825354076
4967825561023
4969673000167
4970029780084
4970450113093
4972080015631
4974092810365
4974092810389
4975723020160
4978065010998
4978065013449
5000118004131
5000243712031
5011157010113
5011157594446
5011157630175
5011157630274
5011157670119
5011308004022
5011308004107
5011308306331
501219060714
501221032712
5013635101047
5013635101818
5013635101887
5013635482252
5013635482306
5013635483259
5013668098345
5015821145620
5015821145866
5015821147365
5015821151454
5015821151683
5015821151706
5015821151720
50173167
5017689000165
5017689000332
5017689000462
5017689000479
5017689000509
5017689000646
5017689001360
5017689001407
5017689001537
5017689001674
5017689001841
5017689001988
5017689002084
5017689002114
5017689002251
5017689002398
5017689002428
5017689002565
5017689002602
5017689002732
5017689003142
5017689003289
5017689004170
5017689004217
5017689004828
5017689005092
5017689005238
5017689006617
5017689008048
5017689008222
5017689008284
5017689009236
5017689009427
5017689009908
5017689010225
5017689010355
5017689010492
5017689010522
5017689010706
5017689012311
5017689013783
5017689014223
5017689018719
5017689019099
5017689019433
5017689024697
5017689034269
5017689034740
5017689035150
5017689038755
5017689040895
5017689041168
5017689050801
5017689064044
5017689064211
5017689064662
5017689064976
5017689065072
5017689065249
5017689065416
5017689075606
5017689080723
5017689097875
5017689097905
5017689123666
5017689123970
5017689124380
5017689131760
5017689140182
5017689140229
5017689266318
5017689266455
5017689266592
5017689267216
5017689293116
5017689354527
5017689367978
5017689484620
5017689565145
5017689604080
5017689685409
5017689738365
5017689843212
5017689860271
5019124020257
5019124023005
5019124051008
5021885700156
5022496101349
5024287188331
5027659329172
5027891095477
5027891322719
5027891323945
5027891342564
5027891343998
5028217001790
5034258000760
5034258000784
5034258003143
5034258003303
5035139205014
5060127810468
5060127811243
5060198530425
5060198531293
52066000227
5410028120102
5410028120126
5410188802047
5410684006055
5410684011806
5410684012261
5410684013053
5411658011907
5411658030090
5411658120135
5413270118767
5414802810029
561218070114
5701134218419
5701134218426
5702008226578
571217103113
5760725202404
5900085011180
5900085011937
5901384500207
5901384501860
5901384502867
5901384502881
5901384502904
5901384504007
5901384504021
5901384504908
5901384504922
5906340408719
5908310349824
5997523324278
5997523324292
5997523324315
5997523324339
639454451160
648436300037
648436300051
648436300068
648436300402
673367003016
673367003023
673367003054
673367050829
673367073934
673367148922
673367360676
673367832180
673367832197
678452300018
6900350006094
6900873028368
6900873034604
6900873039005
6900873039401
6900873058624
6900873084043
6900873084098
6900873084814
6900873084821
6900873114177
6900873237807
6900873710171
6900873710362
6900873710393
6900873710560
6900873710799
6900873711598
6900873712793
6900873780211
6901007015018
6901007016015
6901009011100
6901009051137
6901009051250
6901009051465
6901009370306
6901012060027
6901017321185
6901017321192
6901017331191
6901017331207
6901017681012
6901017681067
6901017681210
6901036884395
6901036884418
6901036884531
6901036884586
6901036890044
6901036890068
6901036890075
6901036890303
6901036890358
6901036890709
6901049104008
6901049111006
6901049116001
6901049123009
6901055000011
6901069106303
6901069106310
6901069106334
6901069106402
6901069106433
6901069106501
6901069106532
6901118610010
6901118900012
6901118930750
6901118940933
6901206003250
6901206003571
6901317502727
6901317502734
6901317512115
6901432031287
6901432331356
6901432331639
6901432333695
6901554010030
6901554010290
6901844500470
6901844500487
6901844500586
6901844702218
6901844710114
6901913288483
6901916357001
6902007010478
6902007505004
6902007505264
6902131120173
6902253111714
6902253111721
6902253862920
6902253864375
6902253865754
6902253866256
6902253867451
6902253867468
6902253867543
6902253888678
6902253888692
6902482000049
6902482000070
6902482000124
6902987222229
6903394652197
6903394652203
6905475350626
6906181200403
6906181200410
6906303888885
6906303999888
6907592000026
6907592001023
6907592001245
6907592001436
6907951199002
6907951466364
6907951466371
6907951605534
6909003103029
6909003105085
6909689600096
6909689700048
6910614150012
6910614640025
6913189335990
6913673000175
6915406060210
6915406060319
6915406060418
6915406060517
6915406960015
6915406980020
6915406980204
6915406980365
6915406980396
6915406980570
6915406980600
6915406997011
6915924229410
6917025990374
6917025990381
6918020000174
6918020000358
6918714958019
6918768951660
6918768951677
6918768951684
6918768951707
6918768951714
6920061570400
6920072426512
6920242368468
6920444296699
6920459905012
6920802303342
6920802303618
6920802305810
6920802305841
6920802305858
6920802305865
6920802305889
6920802306435
6920802306442
6920802306466
6920802309351
6920802309368
6920802309375
6920802310036
6920802310272
6920802311088
6920802311347
6920867900012
6920867900029
6920882060753
6921064271226
6921064271233
6921180820001
6921180820025
6921180820063
6921180820087
6921180820155
6921180820209
6921180820223
6921204802204
6921204896036
6921204896098
6921555571569
6921555571606
6921555571668
6921555571866
6921555583951
6921555595633
6921555595640
6921555595657
6921555595664
6921555595770
6921555595787
6921555595794
6921555595800
6921665701405
6921665701412
6921665701429
6921665703805
6921665707391
6921718050924
6921718063184
6921804700184
6921804700269
6921804700306
6921804700559
6921804700597
6921804700658
6921804700757
6921804700764
6921804700771
6921804700788
6921804700795
6921854800322
6921911600032
6921929400037
6921929400655
6921929481005
6922163601471
6922163616734
6922163616802
6922163697054
6922163698228
6922163699348
6922163699737
6922163700334
6922274500106
6922601401564
6922631900020
6922631900112
6922631900228
6922957676227
6922957676630
6922957677019
6922957677033
6923329801148
6923329801155
6923807803244
6923807803381
6923807803626
6923807805057
6923807809512
6924068599891
6924169791095
6924187828759
6924200920064
6924200920071
6924421201072
6925367222015
6925367222046
6926202200083
6926410300018
6926410320030
6926410320047
6926410320061
6926410321075
6926410321235
6926410321396
6926410330022
6926808781030
6926858900078
6926896702443
6927028302074
6927028302098
6927028311410
6927028311762
6927079421052
6927386200036
69276132051
69276132457
6927645411210
6927777502435
6930299220107
6930595800072
6931309400083
6931309400090
6931309400380
6931309400953
6931309401820
6931653100004
6931653101957
6931653101964
6931653101971
6931653105566
6932107218283
6932322222997
6932760600081
6932760600159
6932760604010
6932760604034
6932760688911
6933223700232
6933362462527
6933362462541
6933362462558
6933362462985
6933362463005
6933362463708
6933362463715
6933362463722
6933414100025
6935897601082
6935926200149
6935926200156
6935953361738
6935953361745
6937082261095
6937082261118
6939249600129
6939249600181
6939249600198
6939249600211
6941037901790
6943408550019
6943521096180
6944014800048
6945489300323
6945845551048
6947593011041
6947593012499
6947593015155
6947778200208
6947778205012
6948460000014
6950712914000
6951392402504
6951392482506
6952976700443
6982951676227
700251
715685122151
716221050013
716221050020
716221050242
716221051591
716221052321
716221055032
716221055223
716221056138
716221090026
716221104006
7178600000058
7178600000119
7178600000140
7178600000157
7178600000171
7178600000232
7178600000249
7178600000256
7178600000270
7178600000881
7178600001628
7178601000026
7178601000460
7178602009424
7214681234446
7214681234514
721731111109
721731115039
721731120071
722337820853
725149631730
726003027072
729926121124
7304
7330583004533
7340007901133
737964000370
737964000387
737964000400
737964000455
737964000660
741770016104
741770017002
741770111007
7468847169954
750515017108
750515018105
750515817982
750515830202
750515830257
7591002000547
7612100500033
7616100446452
7616100952021
761898610442
761898648612
761898665404
77521122610
78895133936
78895404579
78895761566
78895920017
79763114200
79763114774
8 499 `N`T
8000439101301
8005734011096
8005734100059
8005734100325
8005734101551
8011033010005
8012
8014
8030467000192
8032479201215
8082481440560
808248144070
808248144223
8111
8111703620814
826
8410
8410324250258
8410324710011
8436011667017
846034021143
848031010014
84909000538
84909004147
84909011725
851683005406
8594050310018
8594155510054
8697421820182
8697421820960
8710161001687
8710161001694
8710161001731
8710161001748
8710161001809
8710161001816
8710161002073
8710161002080
8710161004381
8710161004497
8710161004923
8710161006026
8710161008471
8710411043030
8710411043214
8710411043603
8710411045003
8710411045201
8710411045263
8710605018608
8710605020441
8710605020458
8710605020694
8710605020915
8710605026559
8710605026566
8710605026580
8710605026610
8710605026627
8710605026634
8710605026948
8710605030334
8710605030365
8710605030938
8710605090123
8710605091984
8710647755981
8710647928804
8710819006347
8710819006811
8710819997492
8711548004680
8712100396380
8712303009193
8712429130108
8712429130207
8712429130504
8712429130603
8712429350100
8712429350209
8712429350308
8712429350407
8712429360505
8712429360604
8712429360802
8712429361106
8712429380909
8712429381401
8712445050787
8712445077029
8712445077050
8712445077104
8712445544026
8712445909023
8712641000708
8712962000012
8713289079002
8713289181811
8713289182009
8713289182023
8713289182559
8713422006797
8713913003502
8713913003564
8713913004486
8714136000101
8714384001288
8714384001295
8714573014020
8714573014037
8714573014044
8714573014051
8714573014112
8715000014026
8715000931842
8715000998630
8715000998647
8715000998654
8715017990818
8715017990825
8715035110106
8715035110205
8715035110304
8715035110403
8715035110809
8715035130104
8715035130302
8715035130807
8715035150300
8715035210301
8715035230309
8715035240308
8715035250307
8715035360303
8715071077036
8715148000585
8715266000009
8715266000016
8715266000023
8715266001594
8715668004469
8716129016021
8716200085175
8716200458382
8716789000040
8716789001047
8716789001986
8716789002419
8716789002532
8716789002716
8716789002839
8716789002853
8716789002860
8716789002884
8716789002938
8716789002983
8716789003126
8716789003409
8716789003416
8716789003430
8716789003867
8716789004215
8716789004703
8716789004871
8716789005090
8716789005175
8716789005212
8716789005274
8716789005304
8716789005533
8716789005762
8716789005830
8716789005939
8716789005953
8716789005991
8716789006523
8716789006721
8716789006844
8716789007001
8716789007100
8716789007544
8716789007780
8716789007797
8716789008060
8716789008138
8716789008206
8716789008343
8716789008497
8716789008589
8716789008602
8716789008664
8716789008947
8716789009029
8716789009067
8716789009210
8716789009869
8716789009944
8716789009975
8716789010063
8716789010445
8716789010469
8716789010605
8716789011060
8716789011503
8716789012302
8716789012456
8716789012708
8716789012722
8716789012746
8716789012975
8716789013668
8716789013712
8716789013781
8716789013804
8716789014047
8716789014085
8716789014153
8716789014290
8716789014337
8716789014399
8716789014412
8716789014429
8716789014450
8716789014467
8716789014504
8716789014511
8716789014542
8716789014559
8716789014566
8716789014573
8716789014580
8716789015082
8716789015105
8716789015129
8716789015136
8716789015143
8716789015464
8716789015600
8716789015617
8716789015631
8716789015648
8716789015730
8716789015853
8716789015877
8716789015891
8716789015914
8716789016027
8716789016034
8716789016041
8716789016089
8716789016539
8716789016546
8716789016584
8716789016690
8716789016706
8716789018076
8716789018120
8716789018298
8716789018427
8716789018465
8716789018601
8716789018618
8716789019523
8716789019530
8716789019547
8716789019578
8716789019592
8716789019868
8716789020253
8716789030252
8716789030269
8716789030276
8716789030283
8716789030375
8716789030528
8716789030627
8716789030658
8716789031068
8716789031228
8716789031303
8716789031327
8716789031396
8716789031419
8716789031426
8716789031525
8716789031532
8716789031754
8716789032393
8716789032461
8716789032478
8716789032607
8716789032683
8716789032690
8716789032744
8716789032966
8716789032997
8716789033000
8716789033550
8716789033895
8716789033918
8716789033925
8716789033932
8716789034007
8716789034090
8716789034199
8716789034380
8716789035646
8716789035899
8716789036049
8716789036209
8716789036223
8716789036322
8716789036490
8716789036773
8716789036995
8716789037428
8716789037671
8716789037732
8716789038371
8716789038388
8716789038395
8716789038586
8717035001231
8717154531930
8717278751399
8717306670586
8717306670593
8717306670609
8717378001981
8717378009000
8717524361020
8717591512066
8717677860302
8717677860326
8717677860548
8717677860661
8717677860869
8717677860876
8717677860890
8717677860913
8717677860937
8717677861064
8717677861279
8717677861293
8717677861354
8717677861590
8717677862306
8717677862504
8717677862597
8717677862634
8717677862757
8717677863419
8717677863518
8717677863525
8717677863532
8717677863549
8717677863563
8717677863600
8717677863617
8717677863648
8717677863679
8717677863730
8717677863976
8717677864249
8717677864812
8717677864836
8717677865215
8717703610062
8717703610086
8717703613353
8717703613445
8717703613469
8717703613834
8717703613858
8717703614916
8717703615371
8717703615425
8717703616149
8717703616859
8717703616897
8717703616910
8717703616958
8717703616972
8717703617016
8717703617078
8717703617092
8717703617115
8717703617498
8717703617535
8717703618631
8717703620306
8717703620320
8717703620344
8717703620368
8717703620405
8717703620474
8717703620818
8717703622348
8717703622454
8717703622478
8717703622508
8717703622522
8717703622560
8717703622607
8717703622645
8717703622706
8717703622720
8717703624618
8717703624632
8717703626513
8718053400365
8718114850016
8718144086300
8718144089479
8718226323057
8718226323064
8718375321188
8718754061063
8728200180033
8728200180040
8728200402517
8728200404009
8728200404030
8728200404061
8728200404122
8728200404146
8728200404160
8728200404511
8728200404528
8728200404559
8728200407000
8728200407123
8728200407222
8728200408625
8728200408663
8728200408717
8728200408731
8728200408779
8728200408793
8728200408830
8728200408908
8728200409066
8728200409080
8728200409400
8728200410130
8728200410154
87282009
87282504
87292794
87292817
8766605278
8766605280
8766605288
8766605293
8766605294
8766605297
8766605298
87666053021
87666053076
878200407222
879660000015
879660000534
8801005000239
8801005000246
8801005000413
8801005000444
8801005000451
8801005000611
8801005105200
8801005123495
8801005133203
8801005140515
8801005149822
8801005155236
8801005171410
8801005171465
8801005182010
8801005196246
8801005197311
8801005197410
8801005214278
8801005302821
8801005305822
8801005560511
8801005942119
8801007056531
8801007120225
8801007150406
8801007166742
8801024110308
8801037025194
8801037086904
8801043001786
8801043002691
8801043013673
8801043013697
8801043014892
8801043015165
8801043015189
8801043016698
8801043022705
8801043150620
8801043157711
8801043157728
8801043157735
8801043157742
8801043157759
8801043157766
8801043157773
8801043263085
8801043263092
8801043263108
8801045010113
8801045010137
8801045122106
8801045203218
8801045220109
8801045290300
8801045290317
8801045290324
8801045291307
8801045420400
8801045420509
8801045426402
8801045447001
8801045491301
8801045520117
8801045520124
8801045521312
8801045522524
8801045524955
8801045524979
8801045550015
8801045570068
8801045570082
8801045570235
8801045571386
8801045860107
8801047182900
8801047221432
8801047221722
8801047251149
8801047614364
8801048941001
8801052135779
8801052202211
8801052431031
8801052435015
8801052451015
8801052730653
8801052730769
8801052731995
8801052737874
8801062144815
8801062219797
8801062247134
8801068023022
8801073110472
8801073112278
8801085010104
8801085010241
8801085010258
8801117523817
8801301001800
8801301004146
8801301006102
8801301006126
8801301026179
8801301112216
8801301999978
8801415050015
8801566035374
8801651021039
8801759001094
8802523000022
8802523000046
8802783200576
8802795116117
8802795600043
8802795603044
8802795603846
8803122001205
8803147100860
8803147101140
8803147101713
8803147101928
8803147102567
8803147102789
8803147102833
8803147102956
8803147103021
8803147103113
8803147103366
8803147103618
8803147104493
8803560000143
8803560000266
8803560010098
8803560010319
8803772111446
8804970000112
8805957001559
8807617121256
8809009780089
8809023780300
8809023780324
8809041420912
8809041420929
8809059290033
8809059290040
8809059290101
8809059291009
8809059291290
8809059291474
8809059292372
8809061670359
8809061670748
8809086590021
8809201000015
8809336461002
883298182906
883298620019
883298620026
884394000231
884394002570
8845859112014
8846200100551
8850004165036
8850030000202
8850030000219
8850030000226
8850030001209
8850030003074
8850030003081
8850030003234
8850030003241
8850030005115
8850030005122
8850030005146
8850030005160
8850030006679
8850030006686
8850030006709
8850030006716
8850030006730
8850030020019
8850030020071
8850030110215
8850030110468
8850030110628
8850030110710
8850030110765
8850030110918
8850030111069
8850030111267
8850030111618
8850030111717
8850030111762
8850030111861
8850030111922
8850030112011
8850030112172
8850030112219
8850030112318
8850030112349
8850030112363
8850030112462
8850030113131
8850030113155
8850030113513
8850030115005
8850030116019
8850030116064
8850030116125
8850030116163
8850030116217
8850030116262
8850030116323
8850030116378
8850030116415
8850030116514
8850030116569
8850030118075
8850030118112
8850030118167
8850030118242
8850030119096
8850030119911
8850030161804
8850030165000
8850030166496
8850030169916
8850030171315
8850030171513
8850030171742
8850030190590
8850030190606
8850030190620
8850030190637
8850030190682
8850035000313
8850035001006
8850035001020
8850035021004
8850038400066
8850038400073
8850038400080
8850038400097
8850038500070
8850043121284
8850043124582
8850043126470
8850043128450
8850043324609
8850043324623
8850043324647
8850043324654
8850058000260
8850058000321
8850058000338
8850058000369
8850058000376
8850058000383
8850058000536
8850058000710
8850058000796
8850058002721
8850058002875
8850058004138
8850058004220
8850058005821
8850058006484
8850058007375
8850058200202
8850088000254
8850088001817
8850088200067
8850088200128
8850088300125
8850088400184
8850088450004
8850092811501
8850097150193
8850100002501
8850100004833
8850100004833s
8850100004871
8850100101037
8850100101099
8850100101105
8850100126016
8850100206022
8850100207029
8850100222138
8850100312013
8850134503012
8850134504019
8850134505016
8850134508017
8850134511017
8850134511215
8850144058236
8850144059097
8850144200642
8850144206392
8850144206415
8850144206439
8850144206491
8850144206514
8850144206538
8850161154126
8850161210112
8850180040011
8850180040028
8850180040158
8850180051017
8850187400061
8850191000400
8850191000417
8850206010028
8850206010127
8850206011025
8850206011124
8850206011131
8850206011155
8850206011360
8850206012039
8850206015023
8850206016136
8850206060054
8850206060122
8850206061044
8850206061259
8850206066032
8850206067053
8850206071470
8850206111022
8850206112029
8850206112067
8850206117055
8850206117109
8850206117512
8850206120079
8850206123513
8850206124022
8850206124138
8850206160020
8850206160105
8850206161102
8850206212026
8850206220021
8850206220038
8850206220120
8850206220137
8850206224135
8850206225132
8850206226139
8850206801268
8850213102006
8850213107001
8850213107506
8850213112302
8850213162000
8850213197507
8850213607518
8850213607525
8850250000754
8850250001713
8850250001720
8850250001737
8850250002215
8850250007685
8850250007715
8850250007746
8850250007968
8850250007975
8850250007982
8850250008071
8850250008088
8850256620055
8850267112129
8850267112136
8850267112174
8850267900023
8850269050016
8850269050047
8850282191031
8850294060301
8850298600053
8850310000113
8850310000724
8850310000731
8850310000748
8850316010109
8850316070028
8850332192117
8850344000479
8850344000486
8850344000608
8850344001155
8850344010164
8850344020170
8850344020200
8850344020279
8850344020323
8850344200176
8850345950490
8850367100019
8850367100026
8850367100088
8850367100118
8850367100125
8850367200191
8850367200221
8850367900206
8850367990887
8850369010323
8850369010354
8850369012297
8850369012327
8850369014314
8850369014345
8850370071115
8850370791112
8850372000274
8850412370800
8850412371036
8850412373658
8850423000017
8850423000031
8850423000086
8850423000093
8850425002927
8850456100227
8850464000151
8850487001111
8850487007113
8850487011110
8850487029108
8850487029115
8850521111127
8850521112124
8850521113121
8850521114128
8850521141216
8850521151215
8850521672215
8850521692213
8850521950306
8850521950351
8850521950368
8850521950375
8850539610407
8850539610438
8850539710275
8850539710350
8850539710398
8850539710435
8850539710442
8850545211223
8850545757578
8850545779990
8850580000011
8850580000516
8850620000605
8850620888012
8850620888036
8850620888074
8850620888203
8850643000521
8850643003416
8850643004628
8850643004666
8850643009111
8850643009814
8850643013538
8850643018717
8850643027818
8850643038012
8850643064127
8850706000239
8850706000246
8850706000253
8850706000260
8850706000277
8850706000284
8850706000291
8850706000321
8850706000338
8850706000345
8850706000376
8850706000475
8850706008716
8850885121671
8850885124801
8850885171638
8850885201656
8850885204268
8850885341666
8850931031367
8850931031466
8850931031473
8850931031480
8850931031503
8850987101076
8850987101083
8850987101090
8850987101175
8850987123412
8850987123528
8850987123641
8850987128004
8850987128158
8850987128547
8850987128561
8850987131080
8850987131240
8850987131264
8850987131707
8850987131769
8850987131776
8850987141058
8850987141171
8850987141201
8850987141478
8850987141508
8850987201042
8850987201059
8850987201080
8850987201172
8850987201301
8850987201318
8850987701047
8850987701054
8850987701061
8851011115267
8851011117261
8851011117469
8851011119258
8851011122265
8851011124269
8851011217268
8851028000204
8851028000228
8851028001690
8851028002277
8851028110019
8851028111214
8851035105008
8851035106029
8851035316008
8851035321002
8851035325000
8851035404002
8851035405016
8851035406006
8851035408000
8851035408024
8851035408031
8851035410003
8851035411000
8851035414001
8851035603016
8851035802006
8851035815013
8851035818021
8851035820208
8851035821007
8851035828006
8851035828037
8851035841005
8851035842002
8851035844006
8851081480128
8851212204401
8851229000010
8851229000041
8851229000812
8851229000829
8851229001543
8851229001871
8851229002199
8851613001272
8851613001449
8851613001456
8851613001463
8851613001470
8851613101378
8851613101385
8851613101392
8851683000427
8851683002742
8851683002766
8851683002902
8851683002926
885175010135
8851876000005
8851876001026
8851876001033
8851876001132
8851876001255
8851876002009
8851876003006
8851876003013
8851876003105
8851876110179
8851876110186
8851876200139
8851876200214
8851876201297
8851876201303
8851876201358
8851876204229
8851912010456
8851912010463
8851912020356
8851912020363
8851912020370
8851912030140
8851912040255
8851954102485
8851954102669
8851954109507
8851954109514
8851954195296
8852018101017
8852018101024
8852018101031
8852018101048
8852018101055
8852018101062
8852018101079
8852018101086
8852018101093
8852018101116
8852018102021
8852018201014
8852018201021
8852018201045
8852018201052
8852018240037
8852018250012
8852018511014
8852023664255
8852032612124
8852032612131
8852032612421
8852032631927
8852032637929
8852044650169
8852044650268
8852044650367
8852052000055
8852052110204
8852052110600
8852052111508
8852052112307
8852089000202
8852089000707
8852089000806
8852089000905
8852089001308
8852089001414
8852089001971
8852089002206
8852089002800
8852089003005
8852089003456
8852089004309
8852089007201
8852089007508
8852089007614
8852089008208
8852089009007
8852089013608
8852089105020
8852098700100
8852098700124
8852098701848
8852098703170
8852114531619
8852114532265
8852114753189
8852116900901
8852240600029
8852523103018
8852646001345
8852646010255
8852646010750
8852646013515
8852646013751
8852646014352
8852646020759
8852646022500
8852646031007
8852646051005
8852646056802
8852646064005
8852646070501
8852646101007
8852646103001
8852646113000
8852646114007
8852646132001
8852646163005
8852646171000
8852646182006
8852646183003
8852646224546
8852646231001
8852646244001
8852646244544
8852646254543
8852646264009
8852646264542
8852646274541
8852646294006
8852646312007
8852646314544
8852646414541
8852646444548
8853095000217
8853095000323
8853662004242
8853662023113
8853662023137
8853662023151
8853662023168
8853662023182
8853662023205
8853662023236
8853662023311
8853662023441
8853662044064
8853662044071
8853662044200
8853662044217
8853662044224
8853662044231
8853662044248
8853662044347
8853662044422
8853662044439
8853662044446
8853662044453
8853662044507
8853662044514
8853662044552
8853662044712
8853662044743
8853662044767
8853969000053
8853969000824
8853969000831
8853969000848
8853969000879
8853969001432
8853969001555
8853969003849
8853969006291
8853969006383
8853969006444
8853969006642
8853969009391
8853969009407
8854579000075
8854579001232
8854657001116
8854698005029
8854698005043
8854698005289
8854698005562
8854698005579
8854698005586
8854698005593
8854698007085
8854698007290
8854698009249
8855192000015
8855588140219
8855591000050
8855591009169
8855702003550
8855718000017
8856001000011
8856241000024
8856241000048
8856241000055
8856884000412
8856892394510
8857107231774
8857107231781
8857121197032
8858271002504
8858306000307
8858306000314
8858306000321
8858306000406
8858306000468
8858306000475
8858306000505
8858652600817
8858652601388
8858652601395
8858652614852
8858661100018
8858661100032
8858661102029
8858661105013
8858661105020
8858661109516
8858661109578
8858702401265
8858702402026
8858702402033
8858702402521
8858702403634
8858702404273
8858711200132
8858711200224
8858711200309
8858711200347
8858711200408
8858711200477
8858711201368
8858755202024
8858775200031
8858775200093
8858775200147
8858775200222
8858808900334
8858820100002
8858945530043
8886390200013
8886390200020
8886390200037
8886390200044
8886390200051
8886390200068
8886390200075
8886390200082
8886390200099
8886390200105
8886390200112
8886390200129
8886390201027
8886390201034
8886390201041
8886390201058
8886390201065
8886390201096
8886390202017
8886390202024
8886390202031
8886390202048
8886390202055
8886390202062
8886390202079
8886390202086
8886390203014
8886390203021
8886390203069
8886390203076
8886390203083
8886390203090
8886390203113
8886390203120
8886390203137
8886390203175
8886390204011
8886390204028
8886390204035
8886390204042
8886390204059
8886390204066
8886390204530
8886390204547
8886390204769
8886390205025
8886390205049
8886390205056
8886390213013
8886390235398
8887219100484
8887219200603
8887437277210
8888003015069
8888003071218
8888003071225
8888003110306
8888003125508
8888003150500
8888003190506
8888003215407
8888003250309
8888003320019
8888003320026
8888003320033
8888003652400
8888007100129
8888007100310
8888007100334
8888007800050
8888090149210
8888123600039
8888123600053
8888123600077
8888123600251
8888123600336
8888123600527
8888123600534
8888296019010
8888296019102
8888296019508
8888296029019
8888296049017
8888296067011
8888296098015
8888351100011
8888351100028
8888351100035
8888351100042
8888351100059
8888351100073
8888351200056
8888351200087
8888351500019
8888443110454
8888450910795
8888450911006
8888450912256
8888450915745
8888757100059
8888757101506
8888757103005
8888951888791
8901810000032
8901810000209
8901810000421
8901810000438
8901810000797
8901810001015
8901810001442
8904051320211
8906006665187
8906039250169
8913192011025
892241000624
892241000662
892241000723
892241000761
8931484581391
8932514138400
8933607022132
8934561010043
8934561010074
8934561010081
8934561020004
8934561020011
8934561020028
8934561020035
8934561020301
8934561030003
8934561030010
8934561030027
8934561080015
8934561080053
8934561110026
8934561210061
8934561210078
8934561210542
8934561230861
8934561230878
8934561230885
8934561240198
8934561241072
8934561241126
8934561250036
8934561250043
8934561250050
8934561250067
8934561250371
8934561250609
8934561251262
8934561260387
8934561260639
8934561260646
8934561261018
8934561261155
8934561261162
8934561261179
8934561261346
8934561270270
8934561270287
8934563014582
8934563014681
8934563056100
8934563057107
8934563103170
8934563106164
8934563108168
8934563111175
8934563122164
8934563136161
8934563138165
8934563158163
8934563163150
8934563165161
8934563165185
8934563166168
8934563206109
8934563207014
8934563207403
8934563210144
8934563211141
8934563301156
8934563302153
8934563303150
8934563306113
8934563308117
8934563309114
8934563321406
8934563328115
8934563339012
8934563339425
8934563452148
8934563453145
8934563701161
8934563735173
8934563787165
8934563788162
8934563789169
8934563790165
8934563791162
8934563957155
8934563958800
8934563978150
8934563979157
8934563980153
8934566000322
8934566000452
8934572260499
8934597030091
8934597030107
8934602001108
8934602001115
8934609205110
8934617055622
8934637513621
8934637513638
8934637513966
8934637514055
8934637514307
8934648080211
8934663900013
8934663900020
8934663900150
8934678020102
8934678020119
8934678020225
8934684026747
8934684026754
8934684026761
8934684026778
8934684026785
8934684026792
8934684026808
8934684026815
8934684026822
8934684026839
8934684031017
8934684031062
8934707001317
8934707002413
8934707002864
8934707002871
8934707002888
8934707003113
8934707003397
8934707003403
8934707007586
8934707007593
8934707084945
8934707084983
8934717266003
8934734012034
8934734022033
8934734032032
8934734052030
8934734062039
8934734072038
8934734082037
8934734092036
8934734092104
8934734102100
8934734202039
8934734212038
8934734222037
8934734292030
8934734302036
8934734312035
8934734332033
8934741111355
8934741111454
8934741112352
8934741112451
8934741112567
8934741113458
8934743012131
8934743022901
8934743022963
8934743032900
8934743042909
8934743042961
8934746011322
8934746012329
8934746013326
8934746014323
8934746015320
8934746051069
8934746051106
8934746051168
8934746051274
8934746051755
8934746051939
8934746053315
8934746054015
8934752030010
8934752030164
8934752060024
8934777200665
8934777201167
8934777201174
8934777201181
8934777201204
8934781065014
8934804010717
8934804020389
8934851253594
8934851503590
8934851503897
8934851653899
8934851683599
8934851702092
8934863314122
8934863339149
8934874112656
8934930000019
8934930000026
8934930010032
8935000604328
8935000607169
8935000607381
8935000607398
8935000900178
8935000900185
8935000901380
8935001012085
8935001202233
8935001205234
8935001206330
8935001212225
8935001214236
8935001233039
8935001311034
8935001311065
8935010801052
8935010801151
8935010801328
8935010801496
8935010801687
8935010801694
8935010801755
8935010801960
8935010802127
8935010802127
8935013160002
8935013160019
8935013160026
8935013160033
8935013160057
8935013160064
8935013160071
8935013160088
8935013160132
8935013160149
8935015099010
8935015099027
8935015099034
8935015099041
8935015099065
8935015099089
8935015099096
8935015099119
8935015099126
8935015099140
8935015099218
8935016801094
8935024112069
8935024115145
8935024115169
8935024122396
8935024123287
8935024142011
8935026220281
8935034312022
8935053145762
8935053145786
8935054829920
8935054880112
8935054880129
8935054880136
8935054880143
8935054880235
8935054880259
8935054880327
8935054880617
8935054880716
8935054880822
8935054880839
8935054881034
8935054882703
8935054882826
8935054882833
8935054882840
8935054882918
8935054884530
8935054884578
8935054884608
8935054884615
8935054884639
8935054884707
8935054884868
8935054884882
8935054884899
8935063600305
8935063600404
8935063600909
8935063601104
8935063601401
8935063602484
8935063602682
8935063603900
8935063603931
8935063604105
8935063604501
8935063604709
8935063604907
8935063606703
8935063672029
8935075310872
8935075311091
8935075311145
8935075311589
8935075311596
8935075311602
8935093707210
8935109600030
8935115701172
8935115702186
8935115704166
8935115705156
8935115707129
8935115707228
8935115728124
8935118326198
8935135810731
8935135810748
8935139201085
8935145310795
8935145311006
8935150102026
89354882703
8936004400022
8936004400213
8936004886635
8936004886864
8936005950090
8936005950168
8936005950182
8936005950250
8936005950267
8936005950274
8936005950281
8936005950311
8936005950359
8936005950366
8936005950410
8936005950441
8936005950472
8936005950533
8936005950564
8936005950588
8936005950595
8936005950625
8936005950717
8936005950731
8936005950748
8936005951387
8936006170305
8936007571194
8936007661109
8936007661130
8936007661284
8936007661406
8936007661451
8936007661864
8936007661970
8936007820049
8936007820070
8936007820193
8936007820209
8936007820285
8936007820360
8936007820544
8936007820568
8936007910009
8936007910023
8936007910030
8936007910054
8936009270675
8936010530447
8936010680388
8936010680395
8936010680401
8936010680449
8936010680555
8936013660851
8936013662008
8936013740386
8936014160107
8936014160442
8936014160817
8936014160916
8936015310167
8936016360017
8936016360017
8936016360079
8936017361006
8936017361013
8936017361136
8936017361143
8936017361150
8936017362331
8936017363376
8936017363383
8936017363963
8936017366131
8936017366186
8936017366223
8936017366230
8936017940041
8936022260127
8936022600022
8936022600039
8936022600060
8936022600534
8936022600602
8936022600657
8936022600893
8936022601371
8936025040016
8936028040419
8936028040426
8936028040433
8936028040457
8936028290050
8936034341135
8936034344105
8936034345133
8936036020137
8936036020380
8936036060058
8936036060096
8936036060133
8936036060409
8936036060454
8936036060539
8936036060546
8936036060591
8936036060614
8936036060645
8936036060676
8936036060690
8936036060928
8936036061062
8936036061116
8936036063035
8936036063042
8936037050201
8936040360052
8936040361165
8936043260021
8936043260151
8936043260397
8936043260403
8936043260410
8936043260472
8936043260519
8936043260595
8936043260618
8936043260748
8936043260779
8936044400013
8936044400037
8936044400051
8936044400075
8936044400082
8936044400136
8936044400143
8936044400211
8936044400570
8936046711018
8936046712206
8936046712207
8936046714019
8936046714026
8936046714033
8936046714071
8936046714095
8936046770916
8936046771029
8936046771050
8936046771098
8936046771128
8936046771425
8936046772170
8936046775386
8936046830016
8936046830023
8936047300587
8936052710029
8936052710241
8936052710487
8936052711217
8936052711361
8936052711392
8936052711415
8936052711453
8938500888069
8938500915017
8938500969065
8938500969669
8938501053053
8938501660022
8938502888944
89686170047
89686170078
89686170139
89686170306
8992770011152
8992775110126
8992988154122
8993570271135
8994155200168
8994357010015
8995209800525
8995899430118
8995899430514
8995899432112
8995899432129
8995899432136
8995899432143
8995899440612
8995899450215
8995899450512
8995899450826
8995899451519
8995899480410
8995899480618
8995899481219
8995899481714
9001899600051
9120027410642
9120027411014
9120027411113
9120027411960
9120027413346
9120031213680
9310432001614
9310432003533
9415419106938
9415634000011
9416112532017
9416112532086
9555292600069
9556007000105
9556007000594
9556007000693
9556007001713
9556092092535
9556092093228
9556092093242
9556092094812
9556092103521
9556092103651
9556092103675
9556092103712
9556092103729
9556092103897
9556092103927
9556092104030
9556092107321
9556092107338
9556092620813
9556092621117
9556092621216
9556092623111
9556092781101
9556092880101
9556092980207
9556156042865
9556156043336
9556156046689
9556156046702
9556156046726
9556437001413
9556437002403
9556437005626
9556437005848
9556437010170
9556495602218
9581996101236
9861875535629
Banh Bao
banhdalon
Bi Soi
Bibong
botbanhxeolk
Botdieu
bttp250g
Bun300
chili
dunktofu
Erdnuss2kg
Erdnuss300
fisch
frisch Limett
FRrolle180
gacnep
gao 489
gao599
gaogaz229
gar13-15
gar41-50
GCN150`G
GCN150g
GCN200`G
Gemüse
Ginseng600
Glückskekse
Hatnem
Huong HN
HuTieu
hutieugb
Ja.reis1,5
JA200G
Jas.Tee
jasmin100
Jasmine150RT
Jasmine250RT
Knoblach
Knoblauch
kokoswasser
Kor.Kimchi
Krupuk
Limett
Longan3kg
LotusTee
LTreis1,5
M1-L49
Maisgrob
Mamanudeln
Mi45
MienPH
Mitrung
mltlt1kg
MußErr Pilye
mzlauthai
nep 399
NET200GT
Obst&Gemüse
Palmnut800
panko400
Produkt7%
Produkt7%+++++
R12451246
Reis15
Reis25
Reis34
Reissack28
Sesambällchen
ShitakzPily
Soja1kg
Soja2kg
Sprossen39
Sprossen79
ß4100135
T9-C00D01
tiefseeGar
Tofu
TSErdnuss
TSPilzen
vinapho
vipho
VN399
WeiLing
weisegarnellen26-30250g
weisegarnellen51-60250g
weistofu
